% -------------------------------------------------------------------
%  Generated by MATLAB on 3-Aug-2023 13:58:44
%  MATLAB version: 9.14.0.2306882 (R2023a) Update 4
% -------------------------------------------------------------------
                                 

x = 55;

